1 2 
3 2 4 5 6 7 8 9 10 11 12 13 14 15 16 17 18 19 9 20 15 13 21 22 23 15 24 
3 25 26 23 15 24 9 10 27 15 28 29 30 31 32 33 16 34 15 16 35 18 22 16 36 12 37 38 9 39 16 40 41 42 36 15 16 43 44 45 15 16 38 46 
47 48 9 10 13 49 50 9 51 39 52 53 16 54 15 55 56 57 22 58 59 57 13 60 15 16 17 18 22 50 9 51 61 62 10 63 64 15 65 38 12 19 66 9 10 29 
24 22 67 68 9 10 69 70 16 35 18 19 71 10 72 73 74 75 76 53 77 78 79 19 9 10 80 33 81 53 16 82 83 15 84 85 86 87 88 53 89 42 13 90 15 57 22 91 92 51 93 94 95 15 96 97 85 
26 98 99 9 10 100 73 94 57 101 16 102 103 15 16 14 15 16 17 18 22 73 30 104 90 15 105 57 12 106 107 108 109 9 33 110 67 
26 83 15 24 9 51 111 112 42 30 113 114 115 37 38 9 39 116 117 112 49 22 118 106 119 9 10 100 16 38 15 120 121 9 10 122 53 123 94 124 125 126 127 22 128 129 112 130 56 120 131 132 120 133 134 135 125 136 112 137 132 138 105 139 140 56 141 140 56 22 142 94 
143 144 145 12 16 146 147 148 38 16 149 150 151 9 152 153 15 154 53 155 106 156 
26 23 15 24 9 123 77 157 22 97 158 22 9 39 16 159 160 15 161 
3 162 26 21 15 16 17 18 9 10 27 15 163 164 147 37 38 29 33 16 46 151 42 132 57 22 37 165 9 39 112 166 
167 101 109 9 10 168 12 169 15 16 102 154 109 9 10 170 108 171 108 71 10 172 94 173 
26 174 15 16 164 15 16 102 175 9 10 176 116 16 177 15 16 31 32 15 16 31 175 116 16 177 15 16 178 32 22 15 16 179 175 116 16 177 15 16 180 32 181 65 112 179 71 10 29 30 31 32 22 182 156 145 33 183 184 185 186 16 187 15 16 46 15 148 38 16 149 151 71 188 189 190 118 16 191 103 15 16 46 19 9 192 155 106 156 
47 193 9 10 13 165 50 9 51 39 52 53 16 54 15 113 57 22 58 194 57 13 60 15 16 17 18 22 50 9 51 61 62 10 63 64 15 65 38 42 19 66 9 10 29 
26 195 196 15 16 17 18 9 10 196 15 16 21 115 9 39 197 166 198 109 10 171 170 
26 21 9 123 77 97 158 22 199 13 196 200 201 12 16 202 15 16 195 196 184 61 66 9 203 16 204 15 196 15 16 17 18 
26 21 9 39 16 159 160 53 205 96 206 
143 207 42 65 208 109 9 10 209 210 184 211 
143 16 196 15 16 17 18 212 213 16 214 215 9 216 217 197 48 9 10 218 219 16 220 15 163 221 15 16 28 222 
223 12 224 15 161 9 51 225 226 227 53 228 147 204 22 229 53 230 22 231 148 204 15 232 233 184 234 235 16 17 18 115 16 236 218 9 237 10 238 22 239 53 240 241 223 22 242 76 53 110 
3 243 26 244 245 22 107 15 246 247 42 164 22 24 9 10 248 12 37 38 33 16 46 151 115 16 14 71 116 148 249 33 110 188 184 250 106 251 252 108 53 16 253 15 254 164 
26 14 9 255 116 256 257 12 30 32 22 106 103 9 10 209 16 102 258 12 259 198 109 9 33 110 260 13 261 262 
3 263 264 23 9 10 16 265 15 16 247 266 22 40 15 267 268 28 22 13 269 15 37 9 270 13 271 53 272 273 115 13 274 275 71 276 147 277 53 277 22 71 10 278 53 279 16 280 15 281 28 12 106 107 22 235 106 282 108 37 23 71 283 
264 23 71 284 16 285 15 267 286 287 267 28 42 288 289 22 290 16 220 15 291 292 13 293 
264 23 9 294 13 295 15 267 286 22 147 249 53 249 296 16 297 298 106 299 108 71 12 77 223 300 301 22 16 302 22 303 15 16 28 15 304 23 209 148 305 9 116 16 306 15 112 307 15 87 308 10 309 209 16 295 
310 23 186 16 311 15 14 9 219 16 312 15 16 97 276 42 313 227 94 314 315 53 148 97 253 227 65 12 19 16 163 316 9 10 207 
3 317 26 164 22 24 9 318 13 319 42 77 320 53 10 321 33 110 22 322 323 15 16 324 15 16 17 18 
325 9 12 96 224 252 326 327 22 328 15 16 329 10 330 147 331 186 77 280 116 16 311 15 77 78 316 22 12 332 53 22 333 147 16 297 22 42 148 334 184 335 12 304 23 109 9 51 10 336 12 148 97 253 
47 165 184 49 9 186 16 337 42 19 66 338 62 10 339 53 148 340 204 235 16 150 15 16 17 18 19 9 39 58 341 184 16 342 343 9 39 58 344 186 106 249 22 197 48 246 148 204 235 16 17 18 9 10 13 293 15 304 23 186 345 346 12 204 
3 347 4 348 42 349 350 9 351 12 16 23 15 24 115 16 21 71 352 184 353 290 354 108 209 97 355 
356 357 19 9 39 358 16 23 15 24 22 16 21 9 359 360 361 13 110 10 362 53 16 196 15 16 17 18 363 66 364 66 9 365 360 115 182 51 66 9 366 360 290 345 367 53 65 23 12 19 360 9 39 368 50 9 369 16 367 116 370 209 77 295 22 371 53 372 360 
363 101 106 373 163 221 15 65 23 9 374 53 375 16 357 360 9 10 376 377 290 16 367 53 16 97 23 33 19 360 9 378 10 379 22 182 380 33 163 221 15 65 23 360 9 361 13 110 
381 12 96 106 224 16 382 15 383 316 9 10 80 33 302 22 303 22 16 384 15 16 85 385 42 22 386 16 357 9 10 309 209 16 295 15 37 23 387 
363 148 357 9 51 10 388 33 16 196 73 105 389 390 391 101 360 9 39 58 362 53 392 16 393 9 10 13 110 12 394 107 108 182 66 395 396 360 198 16 14 33 77 397 398 267 399 12 19 400 360 9 51 10 13 110 
356 401 402 184 166 53 19 16 220 15 16 21 22 23 15 24 71 10 403 252 209 13 305 15 397 9 10 362 53 16 196 15 16 17 18 22 359 16 393 9 404 405 9 10 380 33 392 184 406 407 33 392 9 10 408 33 163 221 15 16 21 22 23 15 24 76 53 16 285 22 409 248 12 16 400 15 13 357 
3 410 26 14 9 39 160 411 412 22 413 68 414 415 22 416 53 417 16 418 22 283 42 16 419 420 22 421 422 15 16 17 18 115 96 414 415 22 416 9 10 423 424 16 17 18 425 411 426 427 209 16 428 15 16 17 18 425 411 429 430 290 431 432 22 70 16 35 18 22 290 16 433 434 425 411 435 63 423 436 15 437 22 423 438 209 16 239 15 439 424 16 17 18 425 411 440 441 429 16 442 151 22 15 431 443 22 444 16 445 15 446 22 447 425 411 283 42 16 242 15 448 16 449 22 450 443 15 16 17 18 425 411 435 451 452 22 451 453 425 411 454 16 455 15 456 22 457 458 33 459 42 460 244 53 461 22 462 16 463 464 53 77 78 465 22 466 425 411 270 467 468 53 16 469 470 425 411 471 22 287 472 22 473 474 209 16 475 476 22 477 386 16 110 15 432 425 411 478 479 480 481 15 482 22 483 22 188 285 484 485 209 486 22 487 425 411 488 22 489 490 115 197 491 15 441 53 65 492 9 10 42 13 493 90 227 163 57 425 411 283 22 494 13 495 425 411 188 285 42 16 496 22 497 15 16 498 22 499 500 425 411 283 42 501 502 16 503 53 504 16 438 15 16 75 505 506 22 507 508 425 411 283 42 509 510 22 511 16 503 22 42 512 106 513 15 514 108 71 10 515 12 16 89 15 16 17 18 516 53 16 18 387 16 517 15 16 158 22 16 150 15 518 16 503 76 53 16 519 248 33 14 425 411 203 463 520 12 96 224 521 522 106 523 51 524 105 525 526 108 71 33 527 15 528 18 22 16 529 15 14 361 16 530 15 16 496 15 16 17 18 22 53 203 394 150 522 96 245 531 33 16 312 15 16 46 15 16 38 12 19 16 393 9 10 42 16 532 15 533 534 535 536 22 97 537 538 217 425 411 188 96 438 19 9 10 403 22 539 42 540 172 541 16 542 6 22 96 97 6 11 33 74 543 12 16 496 15 16 17 18 184 12 148 544 184 545 151 
3 546 26 547 184 548 15 106 85 108 148 15 16 18 549 550 9 551 539 53 552 9 51 10 553 33 16 14 554 53 16 32 112 555 125 556 22 125 115 13 557 184 558 71 10 559 209 106 548 51 524 105 560 42 37 48 
26 561 15 16 562 15 563 564 9 51 10 565 198 61 12 224 15 566 184 567 16 568 569 71 300 360 
47 357 15 570 184 571 572 573 110 9 10 358 
47 574 184 97 67 575 9 10 576 198 12 577 53 16 578 184 99 7 359 579 53 10 580 
47 575 184 581 9 10 576 209 582 583 147 148 38 
47 584 9 10 585 33 148 497 15 430 184 350 53 16 586 15 112 38 522 87 15 587 315 9 588 88 53 184 147 112 38 10 589 53 369 590 184 417 414 12 587 
47 441 9 10 591 147 16 324 115 12 169 15 592 100 33 110 22 13 593 594 22 595 15 16 596 22 597 15 96 568 441 9 10 598 147 249 53 249 
47 599 15 600 9 10 8 33 16 17 18 217 197 48 246 148 204 15 234 184 233 235 514 9 219 16 312 15 16 14 601 15 148 222 602 204 184 599 15 148 603 604 147 148 605 606 184 431 38 
3 607 47 38 9 369 172 148 608 609 184 610 480 481 15 482 22 483 440 441 611 355 15 612 188 148 613 115 614 22 615 443 13 616 12 617 15 418 375 148 357 15 570 571 572 573 110 184 110 618 16 619 15 620 184 480 148 599 15 600 
47 38 9 219 16 312 15 16 14 412 148 415 184 414 209 621 184 622 252 623 71 10 624 403 42 625 267 626 438 22 16 627 628 15 96 414 22 415 576 33 148 38 209 621 184 622 9 10 42 16 492 15 16 324 15 16 17 18 22 96 106 438 9 10 239 53 16 629 22 630 15 16 14 
47 38 9 219 16 312 15 14 412 148 558 15 631 294 632 184 633 15 479 12 249 15 329 369 172 148 634 184 635 290 587 38 184 290 13 431 160 184 636 12 479 198 637 638 184 12 106 639 640 108 641 51 552 15 642 
1 25 
3 2 26 643 160 9 10 11 12 13 196 15 16 17 18 15 644 
645 9 230 345 204 186 16 90 15 134 57 22 377 290 16 646 29 42 16 297 90 10 62 108 647 425 264 38 9 260 12 106 107 108 16 46 151 71 67 13 83 15 36 648 53 16 82 83 15 164 22 24 53 19 16 38 71 10 122 12 16 14 115 197 165 184 49 184 48 246 63 204 15 233 184 234 235 16 17 18 9 10 339 63 649 
26 36 9 650 12 77 78 18 22 651 33 652 42 163 653 15 654 112 116 256 9 51 655 63 64 15 16 297 38 290 656 
217 109 9 188 13 657 15 96 16 85 658 42 22 15 16 83 15 382 42 37 19 657 109 9 365 22 659 22 660 661 53 16 530 15 16 496 15 16 17 18 579 53 16 196 15 16 21 
26 196 15 16 21 9 12 16 662 15 16 21 22 23 15 24 663 96 16 664 22 16 382 9 192 10 665 
26 48 666 16 667 83 15 382 9 10 16 196 182 106 83 10 13 269 15 16 82 83 15 36 339 22 182 668 10 313 227 112 50 39 106 269 22 39 63 648 83 15 382 192 16 23 15 24 9 669 123 33 652 112 15 514 42 196 22 182 197 48 39 13 269 192 147 16 56 670 209 16 657 16 671 23 9 12 394 107 123 16 196 
381 12 672 16 196 16 382 9 10 580 33 18 16 146 147 37 38 666 112 166 13 673 42 74 208 9 20 15 13 293 184 28 147 291 15 16 18 22 13 269 15 96 16 18 9 10 403 53 13 674 
675 30 400 101 16 674 15 16 196 16 48 666 16 667 83 15 382 15 16 36 9 10 16 195 196 
381 182 668 676 677 163 184 313 50 39 648 382 16 21 9 123 147 514 33 652 16 646 
26 14 71 284 16 337 15 672 16 36 22 16 262 209 19 109 9 678 77 382 19 262 9 10 16 297 424 16 17 18 
47 193 252 13 679 680 60 184 13 60 15 16 17 18 116 16 249 15 16 681 15 74 543 9 10 682 53 16 204 15 196 683 9 148 48 10 682 53 65 204 50 9 51 39 52 53 16 54 15 684 57 22 58 685 57 13 686 73 16 17 18 
675 400 15 16 687 15 16 196 147 204 184 15 345 688 183 184 689 53 690 16 6 22 414 15 16 671 204 16 297 9 691 209 16 195 196 22 16 14 71 33 110 283 42 16 400 15 687 688 183 184 689 383 15 16 196 22 195 196 692 623 545 9 192 693 108 196 22 106 545 9 693 694 118 16 695 10 696 184 13 196 9 10 62 
26 196 9 116 697 244 318 42 345 320 13 319 19 9 683 10 344 315 698 186 16 699 42 19 66 9 39 58 62 22 66 9 51 318 73 65 699 148 97 602 147 16 17 18 184 148 15 514 
700 66 369 209 16 541 15 345 204 66 9 404 16 701 210 184 211 425 702 272 703 704 184 705 65 702 641 706 504 16 204 15 196 15 16 17 18 22 641 53 16 707 15 708 709 710 711 22 712 16 543 15 16 17 18 
3 25 26 196 9 10 713 12 214 15 16 714 22 495 15 16 17 18 22 15 16 503 15 16 35 18 61 715 172 16 98 89 15 16 17 18 66 71 300 16 716 12 717 15 16 718 545 12 37 15 16 643 719 720 148 239 721 53 16 414 15 77 78 452 22 66 9 39 160 53 722 723 22 724 42 477 386 16 17 18 252 12 224 15 161 
645 9 39 160 33 22 290 16 725 22 312 15 16 21 53 188 726 727 163 221 15 16 164 222 353 22 66 9 728 22 33 22 290 16 725 22 312 15 16 21 9 260 729 97 568 730 22 731 732 15 16 469 470 22 96 97 158 15 16 17 18 733 190 734 51 7 185 727 42 22 19 9 10 735 33 110 115 16 14 71 33 110 736 16 517 15 106 468 158 108 109 551 539 12 16 196 737 12 16 738 15 110 184 12 16 739 15 719 
26 196 9 39 160 53 155 740 96 156 65 71 145 186 16 187 15 16 21 33 741 742 19 9 743 116 16 744 15 77 191 311 
3 162 645 9 147 249 53 249 678 53 16 14 745 15 16 38 15 16 75 22 746 53 77 747 106 447 108 66 9 748 403 22 749 66 71 209 750 751 752 383 316 184 304 15 514 22 12 400 15 753 754 514 290 755 53 16 337 15 397 66 71 276 514 53 106 337 108 66 9 551 539 66 9 318 729 22 97 568 730 66 9 404 756 65 16 438 10 706 757 22 9 758 96 16 158 15 16 17 18 
3 243 26 196 195 196 22 96 340 158 15 16 17 18 9 10 696 147 204 209 161 42 22 759 15 326 760 184 97 475 761 22 762 
1 162 
3 2 26 763 160 15 16 17 18 9 10 11 12 112 469 470 22 12 106 468 738 108 16 14 71 147 249 53 249 764 22 435 
26 732 383 15 16 469 22 468 738 9 230 77 452 186 765 289 22 9 116 697 244 318 42 77 320 13 319 19 9 51 10 698 186 77 346 12 204 
3 25 26 763 160 9 225 53 96 224 12 110 22 766 767 235 74 543 16 438 15 16 17 18 22 726 100 184 19 9 10 100 235 77 150 53 96 224 768 729 97 568 730 22 731 53 96 224 15 769 22 770 771 53 772 53 19 16 17 18 9 10 13 236 53 772 754 163 184 313 18 754 13 38 22 773 15 587 38 754 773 15 261 18 754 773 15 16 297 38 774 775 235 776 15 261 18 22 754 13 38 184 16 773 151 22 431 18 773 184 777 
675 96 224 768 729 97 568 730 22 731 22 87 12 19 13 38 9 10 236 16 469 470 9 39 778 771 
675 96 16 97 224 359 779 16 469 470 9 39 780 771 383 108 53 110 22 781 290 106 782 22 235 106 251 108 16 14 9 188 
26 241 15 96 761 252 12 224 15 161 9 10 33 783 22 106 241 9 10 784 12 16 38 785 16 671 761 9 39 58 474 115 61 51 474 73 148 38 16 241 9 10 116 106 253 184 245 108 16 14 71 33 110 39 579 
3 162 326 386 16 17 18 9 20 786 12 787 479 386 514 184 12 788 53 77 789 790 514 791 22 792 
47 48 9 10 218 15 326 198 209 16 793 15 163 794 53 16 297 795 796 184 209 797 12 663 470 
26 14 9 39 798 53 478 16 242 15 326 115 197 570 15 326 9 799 800 15 801 184 802 252 186 16 803 15 16 48 804 
1 243 
3 2 805 806 22 612 9 10 585 12 37 38 53 16 568 807 808 22 763 286 15 30 97 38 
217 16 14 71 33 421 438 809 16 107 12 19 106 807 808 22 286 9 10 810 22 16 405 151 
3 25 26 773 15 37 38 9 10 122 53 96 811 22 812 15 773 12 16 35 18 
813 48 814 12 148 38 290 326 327 184 97 815 50 9 816 147 215 22 10 817 12 587 38 9 209 818 15 16 643 150 15 16 38 147 19 66 819 10 820 740 53 10 696 53 16 38 666 771 15 16 815 
47 48 784 53 89 184 821 12 112 38 235 16 438 151 822 172 587 9 12 169 15 148 110 184 497 823 10 824 147 106 89 184 821 381 9 10 820 740 209 825 15 16 236 53 654 106 89 184 821 71 10 826 
3 162 120 18 71 10 827 33 16 14 172 74 75 115 197 828 18 9 10 829 184 830 73 16 771 15 148 97 38 315 148 38 10 829 33 16 831 15 163 184 313 18 184 832 15 18 219 16 312 15 16 833 15 16 18 834 108 835 108 15 16 14 
26 14 9 39 160 53 836 15 22 188 96 537 285 22 251 837 16 838 184 97 839 840 53 16 17 18 22 841 12 74 543 9 10 181 842 108 53 843 148 844 15 16 17 18 184 15 148 528 38 
3 243 26 17 18 9 845 53 30 38 12 74 75 13 846 847 15 496 22 9 711 37 15 514 386 567 22 209 848 15 16 46 184 15 16 149 61 16 46 849 10 850 386 851 852 
1 263 
26 14 853 163 221 15 383 316 9 854 360 403 9 352 354 53 74 543 184 209 16 848 15 16 833 15 163 221 15 16 35 18 9 855 13 856 42 857 354 19 12 304 400 9 10 858 53 96 859 22 860 108 861 15 74 543 61 862 33 16 833 15 94 863 15 16 35 18 184 33 864 12 94 863 151 108 16 112 184 16 97 865 15 866 71 10 867 33 16 14 868 65 197 869 19 71 10 100 554 53 16 32 870 555 125 556 22 125 9 12 148 107 871 16 102 22 178 872 12 16 873 3 15 16 102 1 22 65 197 38 219 267 312 9 10 874 15 267 648 875 12 16 21 
1 317 
4 418 876 22 877 309 172 359 16 681 15 74 543 9 10 108 858 386 16 17 18 235 74 543 108 235 16 610 
878 543 22 16 438 15 16 17 18 19 9 10 100 12 879 151 22 96 726 100 184 19 9 10 100 235 16 150 15 16 17 18 9 10 16 469 110 15 16 486 22 16 732 12 30 38 9 10 88 880 148 613 12 16 543 184 438 15 148 38 53 16 881 882 
26 164 22 24 359 779 22 16 28 15 16 35 38 833 22 96 643 22 763 158 383 15 16 17 18 22 15 16 35 18 9 10 88 33 210 184 211 53 489 74 543 115 197 883 884 9 885 10 886 108 13 887 53 148 204 184 568 233 235 16 17 18 
1 347 
26 866 15 16 864 15 194 18 9 10 888 42 16 889 15 74 543 754 16 18 181 890 16 393 
891 12 856 33 16 892 312 15 16 18 222 16 893 262 15 894 12 16 32 15 895 896 112 555 59 556 22 897 59 22 15 16 898 15 16 17 18 15 644 16 899 
675 900 343 901 39 902 903 895 384 
904 905 906 196 22 907 147 138 425 120 121 906 908 909 910 911 425 124 906 912 913 914 605 425 130 906 915 916 917 918 919 425 120 131 906 920 921 425 120 133 906 915 922 923 924 915 925 926 927 425 135 906 928 929 930 931 932 933 904 934 930 935 936 937 938 939 940 933 425 136 906 904 941 942 943 944 
908 945 946 947 948 949 425 137 906 938 950 951 15 952 930 953 951 954 425 138 906 908 955 938 956 944 
139 140 906 915 957 946 958 959 960 961 425 141 140 906 908 962 963 964 965 963 965 966 967 425 142 906 915 968 969 970 425 971 915 972 973 425 425 869 2 14 9 188 197 974 837 63 975 15 976 184 977 16 84 203 151 184 978 16 979 15 980 184 15 16 981 184 16 982 15 16 983 984 53 255 22 53 985 16 496 42 13 986 15 987 
869 25 813 835 988 503 406 403 53 16 989 15 13 84 38 16 982 15 16 983 53 294 22 990 991 9 51 10 992 
869 162 47 993 9 12 249 15 994 10 995 12 148 996 219 16 997 15 16 998 315 12 249 15 999 115 12 13 1000 53 10 248 33 974 
869 243 26 982 15 16 983 53 10 1001 12 77 653 1002 1003 22 1004 386 1005 1006 22 1007 9 51 10 1008 22 197 1009 9 152 115 720 1010 1011 1012 33 210 184 1013 22 1014 1015 16 1016 53 10 1017 22 16 653 184 1018 53 10 1019 
869 263 47 193 9 10 784 53 1020 42 13 1021 184 185 1022 1023 198 209 13 1024 184 1025 15 13 1026 783 252 12 1027 767 12 16 498 184 499 1028 184 12 16 503 61 12 98 1029 12 249 15 479 184 568 1030 315 9 148 193 10 239 42 16 297 1031 53 10 1032 1033 12 1034 15 1035 184 1036 315 9 10 1037 12 148 1038 1039 53 10 13 1040 386 1041 315 10 874 15 1035 1042 184 1043 219 826 1044 15 974 315 9 1045 1043 10 580 42 568 1046 219 1047 1048 
869 317 675 96 1038 1049 16 1050 9 231 16 982 53 13 1051 22 568 1052 33 63 1053 1054 15 16 38 22 1055 1056 16 1023 9 39 58 474 19 1055 9 39 58 1057 321 33 974 22 53 10 1058 15 16 1059 22 1011 15 16 1060 53 10 1061 290 16 1062 386 392 53 39 1063 1044 42 1064 1062 12 345 1065 22 53 39 16 1066 15 1067 42 345 1068 
869 347 675 1069 116 419 974 785 16 1070 12 1071 9 111 55 560 16 982 15 1052 33 1054 9 10 1072 22 197 1073 213 33 13 1054 9 10 185 1074 12 148 470 15 16 17 18 227 76 53 16 1075 15 16 419 974 
869 410 1076 1077 9 51 10 886 315 1078 1079 559 315 1080 22 1081 1082 1083 
869 546 26 119 12 16 543 15 1084 1085 9 51 10 842 53 1086 184 1087 1088 1089 33 16 983 
869 607 26 1090 51 1091 53 16 17 18 33 16 543 315 553 33 360 53 16 18 734 1092 53 16 18 387 184 53 16 983 
869 1093 26 1094 798 15 16 17 18 9 51 10 842 53 225 53 148 1095 12 974 184 1096 1097 184 1098 386 112 15 16 17 18 33 773 15 587 38 184 33 773 184 777 15 148 1099 38 
869 1100 26 36 9 650 12 77 78 1101 22 651 33 1102 42 196 22 646 112 15 654 116 256 9 51 10 63 1103 15 16 297 1104 290 656 109 9 1105 12 77 1106 16 193 658 42 108 196 22 12 1107 1106 16 193 658 42 108 646 22 109 9 188 1107 1108 15 96 653 658 42 108 196 22 15 96 653 658 42 108 646 22 15 16 275 15 1109 42 37 19 1108 109 9 365 22 659 22 660 661 53 16 1110 15 16 1111 15 16 17 18 579 53 16 196 15 16 21 425 26 196 15 16 21 9 12 16 1112 15 16 21 22 23 15 24 663 96 16 1113 22 16 1109 9 192 10 665 425 26 193 666 16 667 83 15 1109 42 196 9 10 16 196 182 106 275 10 13 1114 15 16 82 275 15 36 339 22 182 197 193 39 106 1114 192 147 16 653 666 16 670 1115 51 524 94 209 16 1116 15 87 658 42 108 196 16 23 15 24 9 123 669 33 1102 16 196 
381 12 672 16 196 16 1109 9 10 580 33 1101 16 1117 147 37 1104 666 112 651 13 673 42 74 1118 9 20 15 13 1119 184 1120 147 291 15 16 1101 22 13 1114 15 96 16 1101 9 10 403 53 13 1121 
217 182 16 23 15 24 9 51 123 13 196 853 16 982 15 1121 9 691 720 514 359 16 178 277 15 1122 191 701 192 16 646 9 693 108 196 108 12 16 1039 15 16 1123 184 97 1124 1125 15 16 196 
26 193 666 16 667 275 15 1109 108 646 9 10 16 646 182 106 275 10 13 1114 15 16 82 275 15 36 339 22 182 197 193 39 13 1114 192 147 16 163 670 1115 209 16 1116 16 21 9 123 16 646 13 673 42 16 1118 9 20 15 291 15 16 82 275 15 164 22 13 1114 15 16 82 275 9 10 403 53 13 1121 
381 197 193 1126 1127 53 16 1128 15 196 9 10 682 53 65 15 646 15 16 17 18 
869 1129 2 
310 1130 315 1131 1132 252 108 13 1133 42 1023 343 16 1134 9 39 58 1135 218 9 1136 73 16 17 18 184 148 1016 239 53 77 1137 
25 
14 9 39 798 53 1138 74 1139 33 1140 1141 
869 1142 2 
4 653 680 184 1143 12 16 17 18 22 239 53 16 1137 151 734 1144 15 16 17 18 22 15 16 38 1056 109 1145 
47 38 9 188 184 1138 148 974 19 9 1146 16 1147 184 1148 15 1144 15 16 17 18 315 9 148 38 1149 148 193 15 1035 1042 184 1043 219 826 1044 15 974 315 1086 53 148 193 73 267 1137 16 648 1150 15 16 1151 
25 
24 9 10 69 70 16 35 18 76 53 77 78 1115 1152 16 82 275 15 653 12 37 38 91 92 51 93 
381 61 16 982 53 651 116 148 1153 42 16 1121 15 1154 42 196 22 646 15 16 17 18 24 12 14 16 149 22 1094 1155 15 13 38 184 16 1120 15 16 46 151 212 1156 53 148 15 16 1157 1158 15 106 38 406 1159 1160 15 1161 22 1144 15 16 17 18 184 12 148 1162 1163 252 42 1164 12 1165 184 97 1023 16 1166 15 1117 823 9 10 1167 12 16 1168 19 16 275 15 106 1157 1144 9 990 53 16 82 275 15 1157 1144 1159 1160 15 1161 12 106 38 
162 
47 193 9 10 13 165 184 49 12 14 184 1169 15 196 22 646 184 230 148 1128 340 184 1170 235 16 17 18 184 235 148 38 50 666 1057 580 63 1171 108 13 1119 15 14 184 108 63 1172 15 16 17 18 184 108 13 1119 15 148 38 1173 184 108 63 643 184 763 1172 15 148 38 53 489 16 543 15 16 17 18 9 39 1174 12 1175 184 1165 386 16 297 184 585 1176 184 1177 53 16 1178 151 
381 14 71 33 13 651 15 291 15 37 23 1179 106 1125 
243 
26 1180 15 16 568 1181 15 16 17 18 278 33 974 86 1182 1183 42 1184 15 1185 22 1186 42 1187 12 1188 1175 184 1165 9 51 10 336 
381 683 16 17 18 315 148 38 9 1189 184 417 148 1181 184 1190 1183 12 1176 15 1175 184 1165 386 16 17 18 184 148 1191 42 16 1192 184 1193 15 148 1194 115 96 106 1182 1195 22 1196 9 10 784 1197 22 1198 
263 
26 14 9 39 798 53 1138 33 1140 1141 16 1199 15 74 1139 
869 1200 2 
26 982 15 1144 15 16 17 18 53 651 9 51 10 1156 184 1163 33 16 17 18 184 33 148 38 209 1201 15 1202 1203 184 1204 1205 15 1132 
25 
26 14 9 39 798 53 1138 74 1139 33 1140 1141 
869 1206 26 14 9 39 798 53 412 22 413 1207 209 1208 147 604 1209 1210 219 1211 70 16 35 18 22 219 1212 53 148 1213 184 119 
869 1214 26 21 15 16 17 18 9 10 27 15 163 164 147 37 38 62 33 16 983 151 42 132 1160 22 37 165 9 39 112 651 
26 1154 12 37 38 9 39 16 1215 41 42 1154 15 16 43 44 1216 15 16 38 1217 
143 144 145 12 16 1117 15 148 38 12 16 21 16 643 1218 15 106 38 9 152 1219 15 1153 53 155 106 144 868 1220 16 1173 15 148 38 71 1221 16 643 151 53 188 189 1222 118 16 983 155 16 144 33 1153 108 16 1173 71 67 
878 1223 9 51 10 181 842 108 53 871 16 1153 184 1224 15 148 165 29 359 360 1225 858 108 861 15 16 543 
869 1226 2 
1227 112 1228 147 16 1229 15 74 1139 16 1230 1231 184 1232 15 1233 1234 73 16 1235 151 172 184 16 1236 151 147 16 17 18 22 96 1237 239 53 16 1137 151 42 1238 1239 212 1240 553 
25 
26 14 22 16 35 18 9 39 1241 798 53 1138 74 1139 33 1140 1141 
162 
878 1139 9 10 1242 198 360 9 39 58 862 108 63 1223 53 16 543 33 16 1217 15 16 35 18 108 727 12 16 543 73 59 1160 147 16 1243 15 16 1244 1245 53 16 18 33 16 14 
869 1246 26 982 15 1144 15 16 17 18 53 651 9 51 10 1156 184 1163 33 16 17 18 184 33 148 38 209 1201 15 1247 
14 9 39 798 53 1138 74 1139 33 1140 1141 
869 1248 2 
26 1249 15 16 196 22 195 196 9 1250 116 1251 209 16 1252 277 15 1253 22 16 1249 15 164 22 24 116 1251 209 16 1254 277 15 1253 15 16 1160 12 19 106 1249 1255 39 1256 182 74 1139 395 51 58 862 22 16 1249 15 77 1257 9 192 1258 
25 
26 14 9 255 116 256 257 12 30 1228 22 106 1259 9 1258 116 1251 209 16 1254 277 15 1253 198 109 9 33 974 260 13 261 277 
162 
363 116 16 249 1260 42 16 1261 15 16 1224 15 16 196 16 196 1262 9 39 1263 16 195 196 1262 9 361 196 
363 13 196 9 51 39 58 29 359 16 249 1260 42 16 1261 15 345 1224 184 182 16 196 1262 9 39 1264 53 1265 192 16 195 196 1262 9 693 108 196 118 13 196 9 39 1266 22 16 14 71 33 974 283 42 16 1039 1056 683 13 196 1262 315 13 195 196 1262 9 39 1266 692 50 9 192 693 108 196 184 16 1000 12 19 112 50 212 53 693 9 10 1267 22 106 193 9 693 694 118 13 196 184 195 196 9 39 1266 
243 
26 14 71 33 974 283 42 16 1039 15 16 1123 15 148 15 16 653 147 654 16 23 15 24 71 123 13 196 853 16 982 15 1121 9 39 1268 720 514 22 42 16 1039 15 16 1123 15 148 15 16 653 147 654 16 21 71 123 13 195 196 853 16 982 15 1121 9 39 1268 720 514 
263 
1269 2 22 25 9 404 1270 209 16 1271 277 15 1272 701 16 1229 15 74 1139 
317 
878 1139 9 10 1242 198 360 9 39 58 862 108 63 1223 53 16 543 33 16 1217 15 1273 15 16 35 18 73 59 1160 147 16 1243 15 267 1244 
869 1274 2 
26 1275 1139 15 1223 53 16 543 15 16 17 18 212 1240 1276 
25 
26 1232 184 1235 172 148 38 838 184 1277 15 16 17 18 42 1278 184 1046 823 15 1233 1234 12 1279 15 16 1151 151 212 1240 553 
162 
26 1139 9 10 1242 198 360 9 39 58 862 108 63 1223 53 16 543 33 1280 12 16 35 18 108 727 12 16 543 73 59 1160 147 16 1243 15 16 1244 1245 53 16 18 33 16 14 
869 1281 2 
47 193 9 10 62 53 16 1128 15 16 196 313 227 1032 22 197 193 50 1282 784 16 1128 15 196 184 1283 108 196 42 313 227 163 1160 15 13 1224 53 19 1284 97 193 338 62 196 9 10 62 53 16 1128 15 16 196 313 227 257 
381 74 1 9 51 1285 53 148 193 246 16 1128 15 196 61 74 1 338 867 33 16 14 22 9 51 398 148 193 50 71 10 246 16 1128 15 196 184 1286 108 196 186 16 1224 73 19 74 1 1225 1287 147 246 16 1128 15 196 184 1286 108 196 186 16 1288 15 106 1224 
25 
878 1139 9 10 1242 198 360 9 39 58 862 108 63 1223 53 16 543 33 16 1217 15 1273 15 16 35 18 73 59 1160 147 16 1243 15 267 1244 53 16 18 33 16 14 
869 1289 2 
26 523 1290 16 1110 15 496 15 16 17 18 9 260 12 106 1000 108 16 14 71 67 813 275 15 1154 15 196 22 195 196 648 53 16 82 275 15 164 22 24 12 14 53 19 16 523 1255 10 122 182 360 1291 13 38 115 12 197 1292 313 227 16 256 1293 38 109 9 10 12 1294 53 87 339 33 16 18 115 109 9 10 1295 42 16 1239 15 16 1153 15 196 22 195 196 53 10 1154 339 33 13 38 22 109 9 650 12 16 523 22 1296 106 1297 108 727 33 16 1298 1139 15 1223 
25 
26 14 9 39 798 53 1138 74 1139 33 1140 1141 
869 1299 2 
26 982 15 1144 15 16 17 18 53 651 12 148 1300 184 97 1153 42 196 184 195 196 42 1154 42 196 184 195 196 184 42 165 184 49 12 14 9 51 10 1156 184 1163 33 16 17 18 184 148 38 33 1301 15 1302 53 417 148 1303 557 184 97 557 
25 
26 14 9 39 798 53 1138 74 1139 33 1140 1141 
869 1304 2 
675 1039 15 16 228 15 16 196 147 1128 184 15 345 1123 184 1305 16 195 196 9 361 196 
25 
1306 668 212 13 1307 12 16 1128 15 16 195 196 16 196 9 728 13 195 196 50 9 404 1128 720 1308 33 13 1114 651 15 383 316 15 14 
162 
1306 16 196 1309 53 16 196 200 201 15 16 21 22 16 157 15 16 23 15 24 345 1310 1311 65 66 212 1312 53 690 16 1090 22 1297 15 345 1128 22 118 66 1309 53 514 13 1310 1311 53 16 1313 106 1090 22 1297 9 10 824 33 16 195 196 108 1314 196 
243 
1306 16 195 196 22 13 1114 15 304 16 718 1155 15 16 643 1315 184 15 106 97 1316 108 14 71 33 974 283 660 53 16 196 200 201 15 16 21 22 16 157 15 16 23 15 24 77 1310 1311 65 16 196 212 1312 53 690 16 1090 22 1297 15 345 1128 16 195 196 9 669 1189 16 1090 22 1297 15 16 1128 108 1314 196 
1317 61 16 196 1309 53 16 196 200 201 15 16 21 22 16 157 15 16 23 15 24 345 1310 1311 65 197 1318 1319 66 9 1320 16 1090 22 1297 15 345 1128 198 16 195 196 22 13 1114 15 304 16 718 1155 15 16 643 1321 184 15 106 97 1316 108 14 71 33 974 283 660 73 134 314 53 16 196 200 201 15 16 21 22 16 157 15 16 23 15 24 77 1310 1311 65 16 196 212 1312 53 690 16 1090 22 1297 15 345 1128 
1322 14 9 1323 16 152 1324 73 1325 125 1326 42 65 1118 182 51 12 1327 
363 16 14 73 55 112 314 101 1328 15 16 1329 1310 1311 184 182 14 212 51 12 1327 73 55 112 314 101 14 212 886 53 255 1330 33 163 221 651 15 383 316 65 16 196 212 1312 53 690 16 1090 22 1297 15 345 1128 16 195 196 9 1331 53 690 16 297 108 1314 196 185 16 196 9 1320 16 1090 22 1297 15 345 1128 
869 1332 2 
26 982 15 1144 15 16 17 18 50 734 1333 1160 15 1161 184 1334 53 651 9 51 10 1156 184 1163 33 16 17 18 184 33 148 38 209 1201 15 1161 
25 
26 14 9 39 798 53 1138 74 1139 33 1140 1141 
869 1335 47 974 1336 16 1048 42 16 1187 15 16 164 22 24 9 404 1270 118 63 1153 15 24 9 39 1337 
