1 2 3 4 5 
6 7 8 9 10 
11 12 13 14 15 
11 12 13 14 15 
1 16 17 4 18 19 20 1 21 22 23 2 
24 25 11 12 13 14 15 
11 12 13 14 15 
20 1 26 27 
21 28 29 28 30 
31 32 1 6 33 34 8 9 35 36 31 37 38 39 
40 41 42 37 43 43 43 43 43 44 
45 41 46 37 47 47 47 47 47 
48 49 50 37 51 51 51 51 51 
1 51 52 53 1 51 52 53 
54 37 55 55 55 55 55 
45 41 56 37 57 57 57 57 57 
48 49 50 37 51 51 51 51 51 
1 51 52 53 1 51 52 53 
1 58 59 60 61 
49 62 17 9 63 
45 11 12 64 65 66 15 
11 12 64 65 66 15 
49 67 17 9 68 
1 22 41 69 70 71 1 16 69 70 71 1 16 45 11 12 64 65 72 15 
20 1 26 27 
21 28 29 28 73 
31 32 1 6 33 34 8 9 35 36 31 37 38 39 
40 41 42 37 43 43 43 43 43 
45 41 46 37 47 47 47 47 47 
48 49 50 37 51 51 51 51 51 
1 51 52 53 1 51 52 53 
54 37 55 55 55 55 55 
45 41 56 37 57 57 57 57 57 
48 49 50 37 51 51 51 51 51 
1 51 52 53 1 51 52 53 
51 52 53 1 51 52 53 
1 51 52 53 1 51 52 53 
1 51 52 53 1 51 52 53 
1 51 52 53 1 51 52 53 
74 74 74 
50 75 76 77 78 79 80 45 3 81 41 82 45 41 83 83 84 85 41 86 87 88 78 79 80 89 33 90 61 
9 91 92 93 94 95 
96 32 97 9 98 20 49 50 37 51 
45 89 41 99 100 101 102 41 103 104 105 29 87 106 17 100 48 107 108 51 51 51 
40 41 42 37 43 43 43 43 43 
45 41 46 37 47 47 47 47 47 46 37 47 
49 50 37 51 51 51 51 51 
1 51 52 53 1 51 52 53 
54 37 55 55 55 55 55 109 
45 41 56 37 57 57 57 57 57 45 57 45 57 45 57 
48 49 50 37 51 51 51 51 51 
1 51 52 53 1 51 52 53 
51 52 53 1 51 52 53 
1 51 52 53 1 51 52 53 
1 51 52 53 1 51 52 53 
1 51 52 53 1 51 52 53 
51 52 53 1 51 52 53 
1 51 52 53 1 51 52 53 
1 51 52 53 1 51 52 53 
1 51 52 53 1 51 52 53 
51 52 53 1 51 52 53 
1 51 52 53 1 51 52 53 77 6 89 
1 51 52 53 1 51 52 53 
1 51 52 53 1 51 52 53 
110 89 111 87 112 87 78 
1 113 114 87 115 116 
117 118 119 120 
121 87 101 45 1 122 97 9 98 123 24 124 125 
87 123 32 9 126 127 
128 60 129 130 43 
94 131 132 45 133 
1 108 134 87 32 60 135 
136 52 137 138 139 45 1 72 87 140 81 141 
142 74 143 38 144 
49 145 89 66 146 33 147 148 
149 150 151 45 9 152 
1 108 22 41 153 154 104 155 60 156 
142 31 37 38 157 
158 31 37 16 80 8 159 
87 108 160 141 161 31 100 162 41 163 164 165 41 166 
6 60 167 168 85 169 
170 160 87 49 171 
40 87 72 1 172 41 42 45 87 172 41 129 
40 173 174 45 173 175 
176 177 33 178 4 179 
180 181 87 182 158 102 60 183 184 
6 60 167 168 85 169 
170 160 87 49 171 20 185 6 60 186 187 48 45 188 189 150 190 
191 192 193 194 
1 113 114 87 115 116 
195 196 197 198 
199 41 200 48 49 150 201 
202 3 12 87 203 38 124 204 155 60 205 
206 41 207 208 209 89 106 97 210 
211 212 213 214 
1 108 22 215 41 216 217 
218 219 220 102 221 
26 87 222 223 32 97 9 98 224 208 225 
1 226 227 17 228 20 229 106 230 231 232 87 181 233 234 49 60 235 236 32 60 237 
142 31 37 38 157 
158 31 37 16 80 8 159 
87 108 160 141 161 31 100 
162 41 163 164 165 41 166 
6 60 167 168 85 169 
170 160 87 49 171 
40 87 72 1 172 41 42 45 87 172 41 129 
40 173 174 45 173 175 
176 177 33 178 4 179 
180 181 87 182 158 102 60 183 184 
6 60 167 168 85 169 
170 160 87 49 171 20 185 6 60 186 187 48 45 188 189 150 190 
238 239 203 172 162 31 240 
65 14 1 241 14 1 241 242 243 
238 239 203 172 162 31 240 
65 14 1 241 14 1 241 242 243 
142 31 37 38 157 
158 31 37 16 80 8 159 
87 108 160 141 161 31 100 
162 41 163 164 165 41 166 
6 60 167 168 85 169 
170 160 87 49 171 
40 87 72 1 172 41 42 45 87 172 41 129 
40 173 174 45 173 175 
176 177 33 178 4 179 
180 181 87 182 158 102 60 183 184 
6 60 167 168 85 169 
170 160 87 49 171 20 185 6 60 186 187 48 45 188 189 150 190 
244 87 106 45 245 141 70 210 246 
60 167 247 113 248 8 249 159 158 250 
251 252 253 97 31 78 60 76 254 1 255 256 140 257 87 
1 258 50 160 87 89 181 40 1 72 259 112 52 260 20 1 261 262 16 263 45 263 231 232 
87 6 124 264 265 237 123 8 150 266 45 1 6 124 267 268 269 270 124 87 32 45 161 107 16 271 80 107 106 230 272 232 
40 107 58 16 3 85 273 
87 6 124 167 105 274 230 275 276 45 1 6 124 104 204 277 45 60 278 279 280 161 107 16 271 80 107 106 230 272 232 
40 107 58 16 3 85 273 
142 52 281 
282 21 26 93 283 284 17 41 285 
286 141 287 
288 289 53 290 291 53 93 292 293 294 
1 14 1 140 97 124 77 78 3 45 81 102 295 296 204 
282 297 12 77 140 208 298 20 1 21 28 299 81 87 45 1 300 185 78 101 4 60 301 302 
40 87 6 124 264 265 237 123 8 150 266 45 1 6 124 267 268 269 270 124 87 32 45 161 107 16 271 80 107 106 230 272 232 
40 107 58 16 3 85 273 
87 6 124 167 105 274 230 275 276 
45 1 6 124 104 204 277 45 60 278 279 303 278 279 303 45 161 107 16 271 80 107 106 230 272 232 
40 107 58 16 3 85 273 
107 58 16 3 85 273 
177 141 287 
50 177 141 287 
50 177 141 287 
3 85 273 
87 6 124 264 265 237 123 8 150 266 45 1 6 124 267 268 269 270 124 87 32 45 161 107 16 271 80 107 106 230 272 232 
40 107 58 16 3 85 273 
107 58 16 3 85 273 
304 305 60 306 41 307 208 308 
309 85 310 311 312 313 
314 315 316 317 318 
319 155 60 320 107 321 140 322 45 52 300 323 89 94 324 
31 78 325 155 87 
323 89 94 324 
323 89 94 324 
323 89 94 324 31 78 325 155 87 
323 89 94 324 
323 89 94 324 
31 60 94 326 
1 113 327 89 33 61 157 318 
41 288 289 142 328 20 64 58 329 141 141 
323 89 94 324 31 78 325 155 87 
323 89 94 324 
161 107 330 331 332 333 17 334 335 
336 332 337 338 339 23 8 60 340 
314 315 164 341 342 322 45 87 108 203 224 87 203 238 45 238 45 343 45 343 
323 89 94 324 31 78 325 155 87 
323 89 94 324 
323 89 94 324 
323 89 94 324 31 78 325 155 87 
323 89 94 324 
323 89 94 324 
31 60 94 326 
1 113 327 89 33 61 157 318 
41 288 289 142 328 20 64 58 329 141 
323 89 94 324 94 324 31 78 325 155 87 
323 89 94 324 
323 89 94 324 
32 344 345 172 52 346 87 223 
32 344 347 172 31 348 349 
32 344 298 172 52 350 87 351 
20 87 72 87 352 353 354 
323 89 94 324 31 78 325 155 87 
323 89 94 324 
323 89 94 324 
323 89 94 324 31 78 325 155 87 
323 89 94 324 
323 89 94 324 31 60 94 326 
1 113 327 89 33 61 
41 288 289 142 328 20 64 58 329 141 
323 89 94 324 
94 326 31 78 325 155 87 
323 89 94 324 
41 288 289 142 328 20 64 58 329 141 
323 89 94 324 
142 328 
64 58 329 141 
323 89 94 324 
323 89 94 324 
282 300 143 226 3 85 33 355 247 3 85 41 356 357 257 41 358 
1 122 119 21 359 141 360 
7 361 157 20 33 208 37 177 141 80 
290 142 362 45 363 71 364 
290 142 153 20 282 365 52 142 366 
1 108 66 41 248 71 52 367 
9 147 368 208 14 229 369 141 370 8 60 110 371 372 24 41 373 374 267 192 45 375 376 
14 229 66 141 377 256 162 31 50 8 150 378 379 380 
1 300 210 147 381 89 72 12 107 382 93 383 289 8 9 105 93 384 289 8 9 385 45 93 386 208 60 387 320 
7 361 157 20 33 208 79 104 360 
290 142 362 45 363 71 364 
290 142 153 20 282 365 52 142 366 45 161 388 389 332 390 391 392 
9 391 393 52 208 
14 229 369 141 370 8 60 110 371 
372 24 41 373 374 267 192 45 375 376 14 229 66 141 377 256 162 31 50 8 150 378 379 380 
87 66 141 8 394 395 70 102 87 215 396 249 52 80 
397 161 87 181 141 1 398 399 400 401 87 402 
229 66 141 8 394 395 70 102 87 215 396 249 52 80 
397 161 87 181 141 1 398 399 400 401 87 402 
14 229 369 141 370 8 60 110 371 372 24 41 373 374 267 192 45 375 376 
14 229 66 141 377 256 162 31 50 403 
14 229 369 141 370 8 60 110 371 372 24 41 373 374 
267 192 45 375 376 14 229 66 141 377 256 162 31 50 8 150 378 379 
404 24 52 360 52 215 405 142 406 
107 407 408 17 150 409 
1 369 87 336 60 410 85 262 411 412 41 413 85 41 86 164 414 45 275 20 107 407 8 211 415 45 1 369 299 289 107 3 85 41 416 209 
289 107 3 85 41 416 209 
289 107 3 85 41 416 209 
289 107 3 85 41 416 
289 107 8 41 417 209 
289 107 8 41 417 209 
289 107 8 41 417 209 
8 41 417 209 
104 
289 107 3 85 41 416 
404 24 52 360 391 418 107 407 419 89 420 421 411 420 230 422 
150 423 424 257 9 425 
41 396 107 426 427 428 161 107 429 89 430 41 431 142 107 113 327 48 32 107 432 60 433 
434 435 436 437 437 437 
45 1 369 438 
289 107 3 85 41 416 
369 161 87 439 41 440 4 441 442 443 8 41 444 385 161 87 445 446 48 1 447 4 20 161 41 448 449 70 1 164 450 24 87 
369 161 107 426 177 41 451 1 452 3 45 300 49 453 87 454 20 41 455 456 3 89 38 50 457 45 161 41 448 449 70 87 407 450 24 141 
87 407 450 24 141 
1 369 97 1 369 
13 32 87 458 203 230 41 172 64 459 357 45 13 32 141 130 460 87 161 87 14 77 461 
41 318 1 75 81 52 360 41 462 1 72 
215 1 72 208 124 87 463 262 53 41 285 
2 
74 215 87 389 89 382 164 2 
389 141 8 41 464 85 150 152 411 465 87 255 89 16 45 466 141 3 161 1 467 87 8 
74 360 87 14 87 203 52 230 360 124 31 50 4 5 
366 52 88 78 468 215 87 389 89 382 164 2 
215 87 389 89 382 164 2 
215 87 389 89 382 164 2 
215 87 389 89 382 164 2 
215 87 389 89 382 164 2 
315 87 289 360 469 141 70 20 1 65 72 12 89 14 
185 78 470 70 41 471 85 41 472 87 473 
13 32 87 458 203 230 41 172 64 474 475 
20 13 32 141 289 476 157 161 87 14 477 
2 
74 215 87 389 89 382 164 2 
389 141 8 41 464 85 150 152 411 465 87 255 89 16 45 466 141 3 161 1 467 87 8 
74 360 87 14 87 203 52 230 360 124 31 50 4 5 
366 52 88 78 468 215 87 389 89 382 164 2 
215 87 389 89 382 164 2 
215 87 389 89 382 164 2 
215 87 389 89 382 164 2 
467 141 478 87 33 164 12 87 316 
87 479 52 
87 407 215 1 316 20 480 32 33 
480 32 33 
97 215 87 389 89 382 164 2 
74 215 87 389 89 382 164 2 
389 141 8 41 464 85 150 152 411 465 87 255 89 16 45 466 141 3 161 1 467 87 8 
2 74 360 87 14 87 203 52 230 360 124 31 50 4 5 
366 52 88 78 468 215 87 389 89 382 164 2 
74 215 87 389 89 382 164 2 
389 141 8 41 464 85 150 152 
411 465 87 255 89 16 45 466 141 3 161 1 467 87 8 
2 74 360 87 14 87 203 52 
230 360 124 31 50 4 5 
366 52 88 78 468 215 87 389 89 382 164 2 
215 87 389 89 382 164 2 
215 87 389 89 382 164 2 
215 87 389 89 382 164 2 
215 87 389 89 382 164 2 
31 481 482 8 150 483 484 80 87 485 9 486 41 400 487 
87 14 31 8 41 488 87 247 489 490 
199 299 124 1 47 87 360 
40 87 491 65 72 12 1 58 300 
1 492 87 493 106 230 
492 1 58 494 70 41 495 32 1 447 45 1 492 87 496 124 188 58 428 87 71 167 71 1 497 45 1 492 87 407 498 315 498 360 31 215 104 1 492 87 493 
31 481 482 8 9 385 246 485 41 499 500 1 75 85 87 
173 60 501 172 8 60 489 502 80 
503 87 130 504 45 505 411 52 503 87 217 498 230 402 
1 492 87 493 106 230 
492 1 58 494 70 41 495 32 1 447 
1 492 87 496 124 188 58 428 87 71 167 71 1 497 
45 1 492 87 407 498 315 498 360 31 215 104 
1 492 87 493 
1 492 107 113 16 230 45 369 12 107 407 506 155 45 1 492 87 496 124 1 59 87 4 507 89 38 508 509 45 1 492 87 407 498 315 498 360 31 215 104 
1 492 87 493 
1 492 1 492 
1 492 1 492 
1 492 1 492 
87 458 496 146 89 510 9 511 
87 512 141 513 45 7 
33 508 508 172 503 87 106 514 
89 515 230 112 87 432 
1 492 87 493 1 492 87 493 
1 492 87 493 1 492 87 493 
1 492 1 492 
481 482 315 107 289 
66 150 125 516 9 386 8 41 517 
173 60 501 172 8 60 489 502 80 
503 87 130 504 45 505 20 52 473 262 217 498 230 402 
1 492 87 493 106 230 
492 1 58 494 70 41 495 32 1 447 
1 492 87 496 124 188 58 428 87 71 167 71 1 497 45 1 492 87 407 498 315 498 360 31 215 104 
1 492 87 493 
1 492 87 493 106 230 
492 1 58 494 70 41 495 32 1 447 45 1 492 87 496 124 188 58 428 87 71 167 71 1 497 45 1 492 87 407 498 315 498 360 31 215 104 
1 492 87 493 
1 492 107 113 16 230 45 369 12 107 407 506 155 45 1 492 87 496 124 1 59 87 4 507 89 38 508 509 45 1 492 87 407 498 315 498 360 31 215 104 
1 492 87 493 
87 458 496 146 89 510 9 511 
87 512 141 513 45 7 
33 508 508 172 503 87 106 514 89 515 230 112 87 432 
1 492 87 493 1 492 87 493 
1 492 87 493 1 492 87 493 
1 492 1 492 
1 492 1 492 
1 492 1 492 87 493 
40 48 360 107 6 153 518 
87 72 52 519 89 38 508 172 
142 177 60 123 12 77 520 
40 48 360 107 6 153 518 
360 107 6 521 45 1 65 75 107 108 522 23 
87 473 60 523 524 525 45 48 360 107 6 153 518 
447 87 255 89 382 33 44 
1 164 299 124 87 113 38 526 
447 87 255 89 527 12 164 528 44 
360 31 215 529 
447 87 255 89 439 141 112 49 530 
48 1 426 531 45 532 52 8 142 524 44 
533 8 41 534 32 199 535 498 24 141 
97 31 142 536 89 75 81 41 104 302 87 45 1 
40 48 360 107 6 153 518 
87 72 52 519 89 38 508 172 142 177 60 123 12 77 520 
40 48 360 107 6 153 518 
360 107 6 521 45 1 65 75 107 108 522 23 
87 473 60 523 524 525 45 48 360 107 6 153 518 
447 87 75 537 38 538 
491 6 539 17 9 230 257 150 540 
142 65 75 31 8 41 488 44 
399 541 542 64 391 45 64 391 
360 447 87 75 52 215 305 
215 399 116 543 544 70 89 87 45 232 108 545 20 33 29 142 162 199 546 9 178 50 65 
97 31 142 536 89 75 81 41 104 302 87 45 1 
40 48 360 107 6 153 518 
87 72 52 519 89 38 508 172 142 177 60 123 12 77 520 
40 48 360 107 6 153 518 
360 107 6 521 45 1 65 75 107 108 522 23 
87 473 60 523 524 525 45 48 360 107 6 153 518 
547 65 548 549 550 
87 14 551 50 155 114 
162 87 497 32 124 87 497 102 552 
547 65 548 549 550 
87 14 551 50 155 114 
162 87 497 32 124 87 497 102 552 74 
162 87 172 32 124 518 553 554 
40 48 360 107 6 153 518 
87 72 52 519 89 38 508 172 
142 177 60 123 12 77 520 
40 48 360 107 6 153 518 
360 107 6 521 45 1 65 75 107 108 522 23 
87 473 60 523 524 525 45 48 360 107 6 153 518 
40 48 360 107 6 153 518 
87 72 52 519 89 38 508 172 142 177 60 123 12 77 520 
40 48 360 107 6 153 518 
360 107 6 521 45 1 65 75 107 108 522 23 
87 473 60 523 524 525 45 48 360 107 6 153 518 
515 101 32 60 555 556 257 41 557 
558 559 70 41 560 45 14 289 87 171 
14 31 78 60 167 561 562 45 87 407 4 563 89 160 564 12 87 203 
45 11 146 52 565 
11 146 87 226 41 566 
45 411 87 14 1 203 87 155 567 158 155 568 1 493 206 157 45 348 
569 150 570 188 339 52 230 422 
1 493 206 157 45 348 
45 11 146 52 565 
31 146 87 226 41 204 204 
45 11 146 52 565 
31 146 87 226 41 204 204 
478 564 146 52 519 89 38 102 571 8 572 85 196 17 376 
160 564 146 87 573 255 574 150 35 161 87 575 564 215 576 45 58 577 564 578 
45 11 146 52 565 
11 146 87 574 41 204 
45 360 87 14 1 203 87 155 567 158 155 568 
1 493 206 157 45 348 
569 150 570 188 339 52 230 422 
1 493 206 157 45 348 
45 11 146 52 565 
31 146 87 226 41 204 
45 11 146 52 565 
31 146 87 226 41 204 
45 87 113 72 124 1 65 203 87 89 16 
478 141 146 52 519 89 38 
571 8 572 85 196 17 376 
45 14 87 203 141 
45 411 87 14 1 203 87 155 567 158 155 568 44 
1 493 206 157 45 348 44 
569 150 570 188 339 52 230 422 
1 203 87 157 45 348 
45 11 146 52 565 
31 146 87 226 41 204 
11 146 52 565 
11 146 87 6 41 204 
417 579 580 163 581 449 45 92 87 8 45 1 113 16 17 45 17 17 45 17 45 1 543 
194 582 583 584 585 87 3 377 45 87 407 50 476 45 476 476 45 476 
8 586 587 8 378 379 1 58 588 85 33 
33 172 208 104 44 
33 172 208 153 
33 172 208 589 230 257 41 590 
399 383 389 89 467 52 16 454 45 33 172 449 230 89 141 
591 592 593 305 41 396 102 341 94 45 1 113 16 17 45 17 17 45 17 
594 249 595 8 9 35 155 239 87 
20 199 491 476 476 476 
78 596 597 97 598 599 
87 600 70 50 8 232 
33 172 208 104 33 172 208 153 
33 172 208 589 230 257 41 590 
399 383 389 89 467 52 16 454 45 33 172 449 230 89 141 
33 172 575 60 601 602 
33 172 208 603 8 41 517 
399 383 389 89 467 52 16 454 45 33 172 449 230 89 141 
150 392 9 604 1 605 87 181 
150 606 9 555 1 607 89 9 608 
161 199 174 87 50 504 20 87 106 230 89 12 87 609 
33 172 208 104 33 172 208 153 
33 172 208 589 230 257 41 590 
399 383 389 89 467 52 16 454 45 33 172 449 230 89 141 
33 172 575 60 601 602 
33 172 208 603 8 41 517 
399 383 389 89 467 52 16 454 45 33 172 449 230 89 141 
87 515 102 150 152 17 9 610 502 
31 60 611 45 173 3 315 8 612 613 
1 108 516 23 614 71 107 485 615 
31 60 153 616 153 616 
317 617 161 314 618 3 
66 41 619 620 517 621 
128 60 622 279 623 52 113 624 3 
233 64 6 41 625 64 6 41 626 45 627 
64 289 41 628 107 289 41 629 45 107 504 
48 1 72 630 107 29 38 631 45 170 38 632 633 634 635 89 636 262 80 
233 1 1 72 630 107 108 505 
1 72 630 
288 637 45 176 504 155 41 638 
467 23 14 12 64 203 107 29 516 52 
639 192 640 599 215 41 641 232 
480 33 232 44 
50 149 9 152 45 65 348 642 52 9 172 
64 289 41 628 107 289 41 629 45 107 504 
48 1 72 630 107 29 38 631 45 170 38 632 633 634 635 89 636 262 80 
233 1 1 72 630 107 108 505 
1 72 630 44 
64 289 41 628 107 289 41 629 45 107 504 
50 149 9 152 45 65 348 642 52 9 172 
48 1 72 630 107 29 38 631 45 170 38 632 633 634 635 89 636 262 80 
233 1 1 72 630 107 108 505 
1 72 630 
64 177 633 643 20 173 644 
1 72 630 45 87 72 155 141 31 458 87 
1 72 630 
8 41 590 85 396 150 284 142 645 
1 72 630 45 1 72 155 87 31 458 141 
1 72 630 
41 646 164 41 390 207 
161 41 647 124 537 648 422 649 85 650 
52 164 562 45 562 85 230 45 651 
199 491 215 100 141 32 60 652 371 1 21 653 509 
494 9 654 71 1 574 41 655 45 41 656 456 414 32 60 213 657 
557 449 658 80 161 1 164 659 
11 161 1 113 660 531 45 615 661 476 164 344 662 85 87 
1 75 1 482 660 663 
101 164 7 575 89 382 
161 41 664 456 89 665 124 666 9 667 385 
142 1 668 60 669 8 41 670 
467 41 671 672 357 215 9 571 85 87 
41 580 220 9 673 1 674 142 310 20 210 147 140 60 270 
557 449 658 80 161 1 164 659 
11 161 1 113 660 531 45 615 661 476 164 344 662 85 87 
1 75 1 482 660 663 
1 75 1 482 660 663 
300 1 75 1 482 660 663 
675 562 676 1 573 677 50 678 199 663 65 679 87 65 59 52 
675 562 680 1 29 512 8 
360 124 49 663 49 58 37 681 52 
41 646 164 41 390 207 
161 41 647 124 537 648 422 649 85 650 
557 449 658 80 161 1 164 659 
11 161 1 113 660 531 45 615 661 476 164 344 662 85 87 
1 75 1 482 660 663 
557 449 658 80 161 1 164 659 
11 161 1 113 660 531 45 615 661 476 164 344 662 85 87 
1 75 1 482 660 663 
75 49 660 663 
